   1   410993.4    1.0 g  1  0
   2   -71305.9    1.0 g  1  1
   3    20958.4    1.0 h  1  1
   4    11796.7    1.0 g  2  0
   5   -56972.4    1.0 g  2  1
   6    48250.2    1.0 g  2  2
   7   -42549.0    1.0 h  2  1
   8    20221.5    1.0 h  2  2
   9     2799.3    1.0 g  3  0
  10   -37488.4    1.0 g  3  1
  11    15396.8    1.0 g  3  2
  12    -1489.8    1.0 g  3  3
  13   -32890.6    1.0 h  3  1
  14    42518.4    1.0 h  3  2
  15   -27397.7    1.0 h  3  3
  16   -34402.0    1.0 g  4  0
  17    -8080.8    1.0 g  4  1
  18    -2440.5    1.0 g  4  2
  19   -10848.3    1.0 g  4  3
  20   -17919.1    1.0 g  4  4
  21    32452.4    1.0 h  4  1
  22    27438.6    1.0 h  4  2
  23     -501.4    1.0 h  4  3
  24    -1325.1    1.0 h  4  4
  25   -18265.7    1.0 g  5  0
  26     4221.8    1.0 g  5  1
  27    16599.5    1.0 g  5  2
  28   -17345.8    1.0 g  5  3
  29    -2544.5    1.0 g  5  4
  30    -4987.7    1.0 g  5  5
  31    45363.1    1.0 h  5  1
  32     -826.2    1.0 h  5  2
  33     6000.6    1.0 h  5  3
  34    10568.8    1.0 h  5  4
  35    10091.5    1.0 h  5  5
  36   -20968.0    1.0 g  6  0
  37     9887.6    1.0 g  6  1
  38    12192.4    1.0 g  6  2
  39   -12548.7    1.0 g  6  3
  40     2742.2    1.0 g  6  4
  41     1557.6    1.0 g  6  5
  42     8018.2    1.0 g  6  6
  43    14016.9    1.0 h  6  1
  44   -10119.1    1.0 h  6  2
  45     -294.9    1.0 h  6  3
  46    13948.3    1.0 h  6  4
  47    -3686.9    1.0 h  6  5
  48     4783.1    1.0 h  6  6
  49       59.9    1.0 g  7  0
  50     5366.1    1.0 g  7  1
  51    -7099.5    1.0 g  7  2
  52    -1533.4    1.0 g  7  3
  53    -7055.7    1.0 g  7  4
  54     3060.6    1.0 g  7  5
  55    -2488.3    1.0 g  7  6
  56     3700.8    1.0 g  7  7
  57    -7654.8    1.0 h  7  1
  58   -11398.6    1.0 h  7  2
  59     2171.0    1.0 h  7  3
  60     5301.6    1.0 h  7  4
  61    -6618.1    1.0 h  7  5
  62    -1933.8    1.0 h  7  6
  63    -5802.9    1.0 h  7  7
  64    10849.5    1.0 g  8  0
  65     1323.8    1.0 g  8  1
  66    -6952.2    1.0 g  8  2
  67      -95.0    1.0 g  8  3
  68    -4746.6    1.0 g  8  4
  69    -1301.7    1.0 g  8  5
  70    -4284.6    1.0 g  8  6
  71    -1436.7    1.0 g  8  7
  72    -3024.6    1.0 g  8  8
  73    -2297.4    1.0 h  8  1
  74   -12833.5    1.0 h  8  2
  75    10019.6    1.0 h  8  3
  76    -1725.6    1.0 h  8  4
  77     2387.1    1.0 h  8  5
  78    -3237.1    1.0 h  8  6
  79      906.1    1.0 h  8  7
  80    -3178.3    1.0 h  8  8
  81     8914.4    1.0 g  9  0
  82    -3506.7    1.0 g  9  1
  83      288.1    1.0 g  9  2
  84      773.6    1.0 g  9  3
  85     3592.7    1.0 g  9  4
  86    -3170.8    1.0 g  9  5
  87     1406.3    1.0 g  9  6
  88    -1526.6    1.0 g  9  7
  89     1313.3    1.0 g  9  8
  90    -2314.6    1.0 g  9  9
  91    -7899.6    1.0 h  9  1
  92    -1328.3    1.0 h  9  2
  93     6566.5    1.0 h  9  3
  94    -1275.3    1.0 h  9  4
  95     3617.1    1.0 h  9  5
  96     -194.8    1.0 h  9  6
  97     1960.3    1.0 h  9  7
  98      956.9    1.0 h  9  8
  99     1831.7    1.0 h  9  9
 100    -2516.5    .99 g 10  0
 101     1883.2    .99 g 10  1
 102     2836.1    1.0 g 10  2
 103     4259.4    1.0 g 10  3
 104     3776.7    1.0 g 10  4
 105      764.4    1.0 g 10  5
 106     2112.3    1.0 g 10  6
 107      724.8    1.0 g 10  7
 108     2496.3    1.0 g 10  8
 109      840.1    1.0 g 10  9
 110     1179.4    1.0 g 10 10
 111    -5689.8    .99 h 10  1
 112     5570.3    1.0 h 10  2
 113    -2541.6    1.0 h 10  3
 114    -1795.2    1.0 h 10  4
 115     -217.8    1.0 h 10  5
 116     -628.3    1.0 h 10  6
 117    -1619.6    1.0 h 10  7
 118      454.6    1.0 h 10  8
 119     -840.0    1.0 h 10  9
 120     1581.4    1.0 h 10 10
 121     1311.6    .98 g 11  0
 122     3056.9    .98 g 11  1
 123    -2060.6    .99 g 11  2
 124     3550.1    .99 g 11  3
 125      589.7    .99 g 11  4
 126      194.8    1.0 g 11  5
 127    -1073.3    1.0 g 11  6
 128     -521.7    1.0 g 11  7
 129      685.3    1.0 g 11  8
 130      350.2    1.0 g 11  9
 131     -326.6    1.0 g 11 10
 132     1088.8    1.0 g 11 11
 133      549.1    .98 h 11  1
 134     4527.6    .99 h 11  2
 135    -4223.0    .99 h 11  3
 136    -2761.9    1.0 h 11  4
 137     -476.0    1.0 h 11  5
 138    -2714.4    1.0 h 11  6
 139    -1349.2    1.0 h 11  7
 140    -1649.0    1.0 h 11  8
 141    -1471.5    1.0 h 11  9
 142     -583.0    1.0 h 11 10
 143     -499.8    1.0 h 11 11
 144     2300.5    .95 g 12  0
 145     1688.4    .95 g 12  1
 146     -291.7    .96 g 12  2
 147      483.2    .97 g 12  3
 148     -581.9    .98 g 12  4
 149     -818.4    .99 g 12  5
 150    -1095.6    .99 g 12  6
 151    -1987.8    1.0 g 12  7
 152      484.5    1.0 g 12  8
 153    -1473.1    1.0 g 12  9
 154     -666.5    1.0 g 12 10
 155     -755.4    1.0 g 12 11
 156     -220.8    1.0 g 12 12
 157     4204.2    .96 h 12  1
 158     2228.0    .96 h 12  2
 159    -1901.1    .97 h 12  3
 160    -1271.2    .99 h 12  4
 161     1073.4    .99 h 12  5
 162    -1111.9    1.0 h 12  6
 163      872.9    1.0 h 12  7
 164     -837.9    1.0 h 12  8
 165     -462.8    1.0 h 12  9
 166      -22.0    1.0 h 12 10
 167      110.3    1.0 h 12 11
 168     -712.7    1.0 h 12 12
 169      751.5    .90 g 13  0
 170     -456.4    .90 g 13  1
 171     1160.4    .91 g 13  2
 172    -2307.8    .93 g 13  3
 173      -77.1    .94 g 13  4
 174      -16.9    .97 g 13  5
 175      594.8    .98 g 13  6
 176     -950.7    .99 g 13  7
 177     1042.3    1.0 g 13  8
 178     -641.8    1.0 g 13  9
 179       41.6    1.0 g 13 10
 180     -229.1    1.0 g 13 11
 181      -40.3    1.0 g 13 12
 182     -287.8    1.0 g 13 13
 183     4125.6    .91 h 13  1
 184      -44.0    .92 h 13  2
 185     -455.4    .93 h 13  3
 186     2160.6    .97 h 13  4
 187      255.4    .97 h 13  5
 188     1105.1    .98 h 13  6
 189     1214.2    .99 h 13  7
 190      196.1    1.0 h 13  8
 191     -207.7    1.0 h 13  9
 192     1195.7    1.0 h 13 10
 193      472.4    1.0 h 13 11
 194      721.6    1.0 h 13 12
 195       51.3    1.0 h 13 13
 196     1164.6    .83 g 14  0
 197    -2478.0    .83 g 14  1
 198      907.7    .85 g 14  2
 199    -1280.7    .87 g 14  3
 200      148.5    .87 g 14  4
 201     1468.8    .92 g 14  5
 202       -8.1    .94 g 14  6
 203      604.5    .97 g 14  7
 204      787.2    .99 g 14  8
 205      327.7    .99 g 14  9
 206      111.6    1.0 g 14 10
 207      245.2    1.0 g 14 11
 208      127.3    1.0 g 14 12
 209      425.9    1.0 g 14 13
 210        6.3    1.0 g 14 14
 211     -847.8    .84 h 14  1
 212     -124.9    .85 h 14  2
 213      108.8    .87 h 14  3
 214     1456.2    .92 h 14  4
 215    -1284.6    .93 h 14  5
 216      896.5    .95 h 14  6
 217      237.0    .97 h 14  7
 218      225.8    .98 h 14  8
 219      -80.9    .99 h 14  9
 220      696.9    1.0 h 14 10
 221      326.5    1.0 h 14 11
 222      225.9    1.0 h 14 12
 223       71.0    1.0 h 14 13
 224      124.4    1.0 h 14 14
 225      469.4    .77 g 15  0
 226    -1929.2    .78 g 15  1
 227      -38.7    .78 g 15  2
 228     -815.9    .79 g 15  3
 229     -775.7    .79 g 15  4
 230       31.0    .85 g 15  5
 231     -149.9    .87 g 15  6
 232      318.2    .92 g 15  7
 233     -298.3    .96 g 15  8
 234     -149.3    .97 g 15  9
 235      241.4    .99 g 15 10
 236      -69.4    1.0 g 15 11
 237      367.0    1.0 g 15 12
 238      -22.2    1.0 g 15 13
 239       91.8    1.0 g 15 14
 240      -43.7    1.0 g 15 15
 241    -1146.4    .78 h 15  1
 242     -580.4    .79 h 15  2
 243      527.3    .80 h 15  3
 244      120.0    .85 h 15  4
 245     -478.9    .85 h 15  5
 246      148.4    .89 h 15  6
 247       45.7    .92 h 15  7
 248     -882.5    .95 h 15  8
 249     -206.6    .97 h 15  9
 250      -74.9    .99 h 15 10
 251       51.0    1.0 h 15 11
 252       36.4    1.0 h 15 12
 253      -44.4    1.0 h 15 13
 254     -285.9    1.0 h 15 14
 255      135.1    1.0 h 15 15
 256     -809.2    .76 g 16  0
 257     -888.9    .75 g 16  1
 258     -604.0    .76 g 16  2
 259     -339.1    .76 g 16  3
 260     -350.6    .75 g 16  4
 261     -503.8    .78 g 16  5
 262     -235.5    .80 g 16  6
 263        9.0    .85 g 16  7
 264     -498.7    .89 g 16  8
 265     -283.2    .92 g 16  9
 266      -50.9    .96 g 16 10
 267     -515.2    .98 g 16 11
 268     -255.3    .99 g 16 12
 269       15.6    1.0 g 16 13
 270      -24.7    1.0 g 16 14
 271     -176.5    1.0 g 16 15
 272       49.2    1.0 g 16 16
 273     -932.8    .76 h 16  1
 274     -608.1    .76 h 16  2
 275      510.2    .76 h 16  3
 276     -587.4    .78 h 16  4
 277      -39.4    .78 h 16  5
 278      358.1    .81 h 16  6
 279      279.8    .84 h 16  7
 280      244.5    .88 h 16  8
 281      487.3    .92 h 16  9
 282      366.7    .96 h 16 10
 283       93.9    .98 h 16 11
 284      282.8    .99 h 16 12
 285     -267.7    1.0 h 16 13
 286       39.8    1.0 h 16 14
 287     -213.1    1.0 h 16 15
 288       32.4    1.0 h 16 16
 289    -1238.7    .74 g 17  0
 290     -190.2    .74 g 17  1
 291     -101.5    .75 g 17  2
 292      -58.0    .75 g 17  3
 293       10.0    .75 g 17  4
 294     -525.9    .74 g 17  5
 295      468.4    .74 g 17  6
 296       88.1    .77 g 17  7
 297     -385.1    .80 g 17  8
 298       77.6    .84 g 17  9
 299       75.7    .89 g 17 10
 300     -148.9    .93 g 17 11
 301      201.8    .96 g 17 12
 302       61.7    .98 g 17 13
 303     -243.6    .99 g 17 14
 304      168.2    1.0 g 17 15
 305      -42.2    1.0 g 17 16
 306        7.3    1.0 g 17 17
 307     -209.2    .75 h 17  1
 308      -15.8    .75 h 17  2
 309       54.4    .75 h 17  3
 310      308.7    .75 h 17  4
 311      722.0    .74 h 17  5
 312      233.3    .75 h 17  6
 313      -82.1    .76 h 17  7
 314      221.5    .80 h 17  8
 315      488.6    .84 h 17  9
 316      206.3    .89 h 17 10
 317      176.7    .93 h 17 11
 318      353.4    .96 h 17 12
 319      204.8    .99 h 17 13
 320      -29.5    .99 h 17 14
 321       12.8    1.0 h 17 15
 322      -89.6    1.0 h 17 16
 323     -166.6    1.0 h 17 17
 324     -796.0    .69 g 18  0
 325      443.6    .70 g 18  1
 326      266.9    .71 g 18  2
 327      391.2    .72 g 18  3
 328      366.2    .73 g 18  4
 329      175.8    .74 g 18  5
 330      512.5    .73 g 18  6
 331      151.0    .73 g 18  7
 332      214.9    .73 g 18  8
 333      243.4    .75 g 18  9
 334      337.5    .79 g 18 10
 335      -10.2    .84 g 18 11
 336      -34.9    .89 g 18 12
 337      161.2    .94 g 18 13
 338      222.3    .97 g 18 14
 339     -119.6    .99 g 18 15
 340       28.0    1.0 g 18 16
 341      132.6    1.0 g 18 17
 342     -180.6    1.0 g 18 18
 343      670.9    .70 h 18  1
 344     -176.1    .72 h 18  2
 345     -340.3    .73 h 18  3
 346       37.0    .74 h 18  4
 347      304.3    .74 h 18  5
 348     -348.8    .74 h 18  6
 349     -291.9    .73 h 18  7
 350      165.6    .74 h 18  8
 351      360.9    .75 h 18  9
 352     -119.0    .79 h 18 10
 353      100.1    .84 h 18 11
 354       26.9    .89 h 18 12
 355        1.0    .94 h 18 13
 356      -60.2    .97 h 18 14
 357       66.5    .99 h 18 15
 358      277.8    1.0 h 18 16
 359       29.1    1.0 h 18 17
 360       15.3    1.0 h 18 18
 361     -493.7    .63 g 19  0
 362      486.7    .62 g 19  1
 363      -62.0    .66 g 19  2
 364      539.2    .67 g 19  3
 365      187.4    .68 g 19  4
 366      136.8    .71 g 19  5
 367       -9.4    .71 g 19  6
 368     -581.2    .73 g 19  7
 369      291.8    .72 g 19  8
 370     -198.1    .72 g 19  9
 371       95.5    .72 g 19 10
 372     -372.6    .75 g 19 11
 373      190.7    .78 g 19 12
 374     -119.6    .84 g 19 13
 375      -11.9    .90 g 19 14
 376       74.4    .95 g 19 15
 377     -391.4    .98 g 19 16
 378      -33.1    .99 g 19 17
 379     -118.0    1.0 g 19 18
 380      -57.2    1.0 g 19 19
 381       85.8    .65 h 19  1
 382     -412.1    .64 h 19  2
 383     -502.0    .66 h 19  3
 384     -425.1    .70 h 19  4
 385     -232.2    .71 h 19  5
 386     -477.0    .73 h 19  6
 387     -463.5    .73 h 19  7
 388       73.6    .73 h 19  8
 389     -228.3    .72 h 19  9
 390      -96.8    .72 h 19 10
 391     -256.0    .75 h 19 11
 392     -228.0    .78 h 19 12
 393      119.3    .85 h 19 13
 394      -76.9    .92 h 19 14
 395     -319.8    .95 h 19 15
 396     -284.0    .97 h 19 16
 397      197.9    .99 h 19 17
 398     -239.6    1.0 h 19 18
 399      302.6    1.0 h 19 19
 400     -319.9    .56 g 20  0
 401      113.6    .56 g 20  1
 402     -262.2    .58 g 20  2
 403       94.2    .60 g 20  3
 404     -306.7    .62 g 20  4
 405     -139.2    .63 g 20  5
 406     -291.5    .63 g 20  6
 407     -716.6    .68 g 20  7
 408       55.5    .70 g 20  8
 409     -219.0    .72 g 20  9
 410     -165.1    .71 g 20 10
 411     -206.6    .71 g 20 11
 412     -115.7    .71 g 20 12
 413     -117.5    .74 g 20 13
 414      -56.9    .78 g 20 14
 415       -6.9    .86 g 20 15
 416       31.4    .92 g 20 16
 417     -146.9    .96 g 20 17
 418      453.7    .98 g 20 18
 419     -256.5    .99 g 20 19
 420      424.2    1.0 g 20 20
 421     -297.6    .57 h 20  1
 422      -13.7    .58 h 20  2
 423     -118.4    .60 h 20  3
 424      105.6    .61 h 20  4
 425      101.9    .62 h 20  5
 426       45.3    .65 h 20  6
 427     -213.0    .67 h 20  7
 428      372.5    .71 h 20  8
 429     -382.8    .72 h 20  9
 430      154.2    .71 h 20 10
 431     -290.3    .71 h 20 11
 432       17.1    .71 h 20 12
 433        6.7    .74 h 20 13
 434       13.2    .80 h 20 14
 435      -49.3    .85 h 20 15
 436      -32.2    .91 h 20 16
 437     -152.8    .95 h 20 17
 438       62.2    .99 h 20 18
 439        8.5    1.0 h 20 19
 440       35.0    1.0 h 20 20
 441      -71.5    .50 g 21  0
 442     -157.0    .51 g 21  1
 443     -127.9    .52 g 21  2
 444      -73.9    .53 g 21  3
 445      -98.0    .57 g 21  4
 446      222.1    .57 g 21  5
 447     -299.3    .58 g 21  6
 448     -124.8    .61 g 21  7
 449      155.6    .61 g 21  8
 450       61.0    .64 g 21  9
 451     -137.5    .68 g 21 10
 452      -52.1    .70 g 21 11
 453     -177.1    .70 g 21 12
 454      -51.6    .69 g 21 13
 455       44.3    .69 g 21 14
 456       35.7    .73 g 21 15
 457     -365.8    .80 g 21 16
 458       91.4    .85 g 21 17
 459     -200.6    .92 g 21 18
 460       28.0    .97 g 21 19
 461     -113.8    .99 g 21 20
 462       16.7    1.0 g 21 21
 463     -155.8    .51 h 21  1
 464      312.3    .53 h 21  2
 465      291.1    .54 h 21  3
 466      207.9    .54 h 21  4
 467      165.8    .58 h 21  5
 468      291.2    .59 h 21  6
 469      198.8    .61 h 21  7
 470      442.1    .64 h 21  8
 471     -104.0    .64 h 21  9
 472      209.6    .67 h 21 10
 473      -45.0    .70 h 21 11
 474     -139.6    .70 h 21 12
 475      229.4    .69 h 21 13
 476      -59.8    .70 h 21 14
 477      -30.0    .73 h 21 15
 478     -182.0    .78 h 21 16
 479      162.1    .85 h 21 17
 480      131.7    .93 h 21 18
 481     -356.9    .97 h 21 19
 482      379.5    .99 h 21 20
 483     -318.6    1.0 h 21 21
 484      -48.6    .45 g 22  0
 485     -197.9    .45 g 22  1
 486      -16.4    .46 g 22  2
 487       84.0    .47 g 22  3
 488      155.6    .48 g 22  4
 489      194.9    .51 g 22  5
 490      -91.6    .52 g 22  6
 491       55.5    .54 g 22  7
 492      183.6    .56 g 22  8
 493       43.1    .58 g 22  9
 494      -16.4    .61 g 22 10
 495     -149.6    .63 g 22 11
 496       33.1    .64 g 22 12
 497      -39.4    .67 g 22 13
 498      123.4    .67 g 22 14
 499      -62.2    .67 g 22 15
 500      -74.9    .68 g 22 16
 501      -28.0    .71 g 22 17
 502      142.1    .78 g 22 18
 503      147.2    .87 g 22 19
 504     -307.5    .93 g 22 20
 505      228.2    .98 g 22 21
 506     -365.4    .99 g 22 22
 507      -52.5    .46 h 22  1
 508      180.6    .45 h 22  2
 509      182.5    .46 h 22  3
 510      -69.5    .49 h 22  4
 511      -24.5    .52 h 22  5
 512       93.2    .53 h 22  6
 513      188.1    .55 h 22  7
 514       54.5    .58 h 22  8
 515      -68.5    .59 h 22  9
 516       93.8    .60 h 22 10
 517      -87.3    .63 h 22 11
 518     -175.3    .66 h 22 12
 519      202.4    .67 h 22 13
 520      -49.8    .67 h 22 14
 521     -129.2    .67 h 22 15
 522     -241.1    .68 h 22 16
 523      -63.6    .70 h 22 17
 524       68.4    .79 h 22 18
 525      168.1    .88 h 22 19
 526     -160.0    .93 h 22 20
 527       62.6    .98 h 22 21
 528     -117.5    .99 h 22 22
 529      -53.7    .42 g 23  0
 530     -120.7    .42 g 23  1
 531       23.0    .40 g 23  2
 532       53.9    .41 g 23  3
 533      -25.8    .42 g 23  4
 534     -185.5    .43 g 23  5
 535       65.2    .43 g 23  6
 536      -45.7    .46 g 23  7
 537      -22.3    .48 g 23  8
 538      -34.5    .52 g 23  9
 539       10.4    .54 g 23 10
 540     -158.9    .55 g 23 11
 541      -15.6    .58 g 23 12
 542      -59.4    .61 g 23 13
 543      122.2    .65 g 23 14
 544     -119.5    .66 g 23 15
 545      -18.3    .65 g 23 16
 546      108.2    .65 g 23 17
 547      -35.6    .66 g 23 18
 548      -94.6    .71 g 23 19
 549      147.0    .78 g 23 20
 550      -88.5    .88 g 23 21
 551      199.1    .95 g 23 22
 552     -121.6    .99 g 23 23
 553       52.8    .40 h 23  1
 554       -2.1    .41 h 23  2
 555      -51.9    .41 h 23  3
 556      -92.9    .41 h 23  4
 557       -7.9    .42 h 23  5
 558       21.1    .43 h 23  6
 559       16.4    .46 h 23  7
 560      -51.3    .50 h 23  8
 561     -135.8    .53 h 23  9
 562       56.1    .52 h 23 10
 563     -172.6    .55 h 23 11
 564       40.8    .58 h 23 12
 565       21.3    .61 h 23 13
 566       19.6    .65 h 23 14
 567      -63.1    .66 h 23 15
 568     -135.9    .66 h 23 16
 569       -3.1    .65 h 23 17
 570       55.9    .66 h 23 18
 571      -63.5    .71 h 23 19
 572       -6.3    .79 h 23 20
 573      188.1    .89 h 23 21
 574     -119.3    .95 h 23 22
 575      313.2    .99 h 23 23
 576      128.5    .40 g 24  0
 577      -31.9    .40 g 24  1
 578       38.5    .38 g 24  2
 579      -80.7    .39 g 24  3
 580     -118.6    .38 g 24  4
 581     -177.4    .39 g 24  5
 582       44.8    .39 g 24  6
 583      -26.8    .39 g 24  7
 584     -153.3    .37 g 24  8
 585        7.6    .40 g 24  9
 586      -49.6    .44 g 24 10
 587      -48.7    .47 g 24 11
 588     -122.1    .51 g 24 12
 589       -1.7    .50 g 24 13
 590       40.1    .52 g 24 14
 591      -57.1    .58 g 24 15
 592      -82.7    .62 g 24 16
 593      170.5    .64 g 24 17
 594     -109.1    .64 g 24 18
 595       28.0    .63 g 24 19
 596      -45.5    .64 g 24 20
 597      -42.1    .71 g 24 21
 598       16.4    .80 g 24 22
 599      -42.7    .90 g 24 23
 600      174.8    .97 g 24 24
 601       59.4    .39 h 24  1
 602      -45.4    .40 h 24  2
 603      -76.0    .39 h 24  3
 604       13.9    .38 h 24  4
 605       26.5    .38 h 24  5
 606       63.0    .38 h 24  6
 607        9.1    .39 h 24  7
 608       29.6    .41 h 24  8
 609       -7.6    .41 h 24  9
 610       38.3    .42 h 24 10
 611      -81.6    .47 h 24 11
 612       63.3    .50 h 24 12
 613       40.0    .52 h 24 13
 614       50.3    .52 h 24 14
 615      -52.5    .57 h 24 15
 616      -88.2    .63 h 24 16
 617       99.9    .65 h 24 17
 618       59.3    .64 h 24 18
 619      -52.2    .63 h 24 19
 620      106.4    .64 h 24 20
 621      -62.1    .71 h 24 21
 622       34.6    .80 h 24 22
 623     -171.1    .90 h 24 23
 624       43.5    .97 h 24 24
 625      203.0    .33 g 25  0
 626       42.3    .35 g 25  1
 627       17.1    .32 g 25  2
 628      -79.5    .35 g 25  3
 629       -1.5    .34 g 25  4
 630       31.4    .35 g 25  5
 631       18.8    .35 g 25  6
 632       21.5    .35 g 25  7
 633      -94.6    .35 g 25  8
 634       35.0    .35 g 25  9
 635      -60.6    .36 g 25 10
 636      -11.7    .37 g 25 11
 637      -84.7    .39 g 25 12
 638       60.1    .40 g 25 13
 639        5.8    .43 g 25 14
 640       -4.9    .47 g 25 15
 641       25.9    .48 g 25 16
 642      117.3    .49 g 25 17
 643        9.2    .56 g 25 18
 644       99.6    .62 g 25 19
 645     -126.2    .60 g 25 20
 646       34.2    .60 g 25 21
 647       25.9    .62 g 25 22
 648       23.7    .70 g 25 23
 649       89.8    .82 g 25 24
 650       63.2    .93 g 25 25
 651       -6.2    .32 h 25  1
 652      -62.4    .35 h 25  2
 653      -17.5    .34 h 25  3
 654       72.8    .35 h 25  4
 655       -6.1    .34 h 25  5
 656      -12.2    .35 h 25  6
 657       28.2    .36 h 25  7
 658      -18.0    .36 h 25  8
 659      122.4    .36 h 25  9
 660      -33.4    .35 h 25 10
 661       24.0    .38 h 25 11
 662       19.7    .38 h 25 12
 663       70.6    .42 h 25 13
 664       62.2    .44 h 25 14
 665      -60.1    .47 h 25 15
 666      -54.4    .48 h 25 16
 667       54.0    .49 h 25 17
 668      -48.5    .57 h 25 18
 669       45.4    .61 h 25 19
 670       24.9    .61 h 25 20
 671      -77.3    .60 h 25 21
 672       36.9    .62 h 25 22
 673        4.8    .71 h 25 23
 674       85.7    .80 h 25 24
 675     -262.0    .92 h 25 25
 676       42.0    .29 g 26  0
 677       69.7    .31 g 26  1
 678      -12.6    .29 g 26  2
 679       -7.0    .31 g 26  3
 680       58.4    .31 g 26  4
 681       71.8    .30 g 26  5
 682       30.1    .30 g 26  6
 683       24.8    .31 g 26  7
 684        0.7    .31 g 26  8
 685        8.7    .32 g 26  9
 686       10.8    .33 g 26 10
 687      -21.4    .32 g 26 11
 688       -0.1    .33 g 26 12
 689       27.6    .33 g 26 13
 690       17.1    .37 g 26 14
 691       23.1    .37 g 26 15
 692       59.9    .40 g 26 16
 693       89.4    .41 g 26 17
 694       40.0    .43 g 26 18
 695      -30.5    .46 g 26 19
 696      -42.5    .49 g 26 20
 697       29.0    .55 g 26 21
 698      -21.3    .58 g 26 22
 699        5.1    .55 g 26 23
 700     -205.5    .60 g 26 24
 701       60.1    .73 g 26 25
 702     -142.3    .81 g 26 26
 703        5.1    .28 h 26  1
 704      -50.8    .32 h 26  2
 705        9.5    .29 h 26  3
 706       33.9    .30 h 26  4
 707       -7.2    .31 h 26  5
 708      -73.0    .30 h 26  6
 709      -12.9    .32 h 26  7
 710      -48.1    .32 h 26  8
 711       55.4    .31 h 26  9
 712      -60.8    .32 h 26 10
 713       39.0    .32 h 26 11
 714       46.9    .32 h 26 12
 715       43.8    .32 h 26 13
 716       29.2    .36 h 26 14
 717       -1.9    .38 h 26 15
 718        5.8    .40 h 26 16
 719       36.0    .41 h 26 17
 720     -113.8    .43 h 26 18
 721       29.2    .46 h 26 19
 722      -22.9    .51 h 26 20
 723      -10.0    .55 h 26 21
 724      -23.4    .56 h 26 22
 725      -30.5    .55 h 26 23
 726       66.7    .57 h 26 24
 727      126.9    .73 h 26 25
 728      -43.3    .82 h 26 26
 729      -97.3    .25 g 27  0
 730       29.4    .26 g 27  1
 731      -17.8    .23 g 27  2
 732       30.4    .25 g 27  3
 733       23.1    .24 g 27  4
 734       16.1    .26 g 27  5
 735       13.1    .27 g 27  6
 736        8.6    .25 g 27  7
 737       28.3    .26 g 27  8
 738      -14.0    .27 g 27  9
 739       52.4    .27 g 27 10
 740       10.3    .27 g 27 11
 741       17.4    .27 g 27 12
 742      -33.2    .28 g 27 13
 743       12.0    .28 g 27 14
 744       22.1    .27 g 27 15
 745       15.7    .28 g 27 16
 746       42.5    .33 g 27 17
 747       18.8    .34 g 27 18
 748      -62.5    .37 g 27 19
 749      -23.7    .39 g 27 20
 750       15.4    .42 g 27 21
 751      -38.5    .46 g 27 22
 752      -10.2    .50 g 27 23
 753     -106.4    .50 g 27 24
 754      -25.5    .52 g 27 25
 755       -2.6    .56 g 27 26
 756      -86.8    .65 g 27 27
 757       23.2    .24 h 27  1
 758        8.1    .27 h 27  2
 759       16.8    .24 h 27  3
 760      -44.1    .26 h 27  4
 761        6.2    .26 h 27  5
 762      -17.0    .26 h 27  6
 763      -30.2    .27 h 27  7
 764        0.7    .27 h 27  8
 765      -45.5    .27 h 27  9
 766      -18.1    .26 h 27 10
 767       13.2    .28 h 27 11
 768       31.8    .27 h 27 12
 769       20.7    .27 h 27 13
 770      -14.4    .28 h 27 14
 771       30.7    .27 h 27 15
 772       41.0    .28 h 27 16
 773       23.0    .34 h 27 17
 774      -56.4    .35 h 27 18
 775        1.6    .35 h 27 19
 776      -14.7    .39 h 27 20
 777      -16.3    .40 h 27 21
 778      -31.1    .46 h 27 22
 779      -32.5    .51 h 27 23
 780      -49.2    .50 h 27 24
 781       79.7    .51 h 27 25
 782      -45.3    .56 h 27 26
 783       35.8    .60 h 27 27
 784      -66.8    .22 g 28  0
 785      -19.6    .23 g 28  1
 786       -3.9    .20 g 28  2
 787       27.8    .22 g 28  3
 788       -9.3    .20 g 28  4
 789       -6.2    .19 g 28  5
 790      -12.2    .20 g 28  6
 791       -6.2    .20 g 28  7
 792       16.7    .21 g 28  8
 793       -9.1    .22 g 28  9
 794       17.8    .22 g 28 10
 795       34.2    .21 g 28 11
 796       -0.4    .22 g 28 12
 797      -30.6    .22 g 28 13
 798       -3.2    .24 g 28 14
 799        2.9    .23 g 28 15
 800        1.7    .23 g 28 16
 801      -19.7    .23 g 28 17
 802        2.2    .23 g 28 18
 803       16.7    .25 g 28 19
 804      -20.5    .30 g 28 20
 805       -3.5    .33 g 28 21
 806        9.8    .37 g 28 22
 807        7.6    .39 g 28 23
 808       12.8    .43 g 28 24
 809      -35.4    .44 g 28 25
 810       43.7    .45 g 28 26
 811       10.5    .42 g 28 27
 812      -23.6    .55 g 28 28
 813       -9.5    .21 h 28  1
 814       37.4    .23 h 28  2
 815       14.0    .20 h 28  3
 816      -46.1    .22 h 28  4
 817       -2.3    .21 h 28  5
 818       34.7    .18 h 28  6
 819       -6.7    .20 h 28  7
 820       21.6    .20 h 28  8
 821      -33.1    .22 h 28  9
 822       16.6    .22 h 28 10
 823       -0.5    .20 h 28 11
 824      -20.5    .22 h 28 12
 825       -3.9    .22 h 28 13
 826      -16.5    .24 h 28 14
 827       14.5    .23 h 28 15
 828       20.4    .23 h 28 16
 829      -14.2    .22 h 28 17
 830       15.7    .24 h 28 18
 831      -12.9    .25 h 28 19
 832      -11.8    .28 h 28 20
 833      -42.8    .33 h 28 21
 834       -8.6    .36 h 28 22
 835       27.4    .39 h 28 23
 836      -67.5    .43 h 28 24
 837       -2.2    .44 h 28 25
 838      -19.2    .44 h 28 26
 839       28.9    .47 h 28 27
 840       79.4    .55 h 28 28
 841       15.3    .16 g 29  0
 842      -22.2    .17 g 29  1
 843        8.2    .14 g 29  2
 844        5.4    .15 g 29  3
 845      -10.1    .14 g 29  4
 846       -4.4    .15 g 29  5
 847      -13.1    .17 g 29  6
 848       -6.5    .16 g 29  7
 849        3.0    .16 g 29  8
 850        4.2    .14 g 29  9
 851      -19.7    .15 g 29 10
 852       13.2    .15 g 29 11
 853        1.2    .15 g 29 12
 854        6.9    .16 g 29 13
 855       -7.7    .16 g 29 14
 856       -1.8    .17 g 29 15
 857        6.1    .17 g 29 16
 858      -27.1    .18 g 29 17
 859      -11.2    .20 g 29 18
 860       40.6    .18 g 29 19
 861        8.1    .17 g 29 20
 862      -14.3    .19 g 29 21
 863       23.9    .23 g 29 22
 864       11.5    .30 g 29 23
 865        2.0    .32 g 29 24
 866       -9.8    .35 g 29 25
 867        5.2    .39 g 29 26
 868        4.1    .38 g 29 27
 869       42.8    .37 g 29 28
 870        5.3    .42 g 29 29
 871      -23.6    .15 h 29  1
 872       13.4    .18 h 29  2
 873        0.8    .16 h 29  3
 874        9.2    .18 h 29  4
 875       -9.7    .17 h 29  5
 876       17.2    .16 h 29  6
 877       11.0    .16 h 29  7
 878        4.0    .15 h 29  8
 879       14.7    .14 h 29  9
 880       13.9    .14 h 29 10
 881       -2.4    .15 h 29 11
 882      -28.1    .16 h 29 12
 883      -21.7    .16 h 29 13
 884        1.6    .17 h 29 14
 885        1.5    .17 h 29 15
 886       -9.8    .18 h 29 16
 887      -21.9    .19 h 29 17
 888       26.9    .19 h 29 18
 889      -15.6    .18 h 29 19
 890      -12.6    .17 h 29 20
 891      -28.6    .20 h 29 21
 892        8.0    .24 h 29 22
 893       25.6    .28 h 29 23
 894      -11.0    .31 h 29 24
 895      -10.3    .36 h 29 25
 896      -17.9    .40 h 29 26
 897        2.0    .38 h 29 27
 898        5.8    .37 h 29 28
 899       40.6    .44 h 29 29
 900       32.2    .11 g 30  0
 901       -0.1    .11 g 30  1
 902        8.0    .10 g 30  2
 903      -12.8    .11 g 30  3
 904       -0.8    .10 g 30  4
 905       -4.6    .10 g 30  5
 906       -3.2    .11 g 30  6
 907        0.8    .11 g 30  7
 908       -5.9    .11 g 30  8
 909        4.4    .11 g 30  9
 910      -14.3    .10 g 30 10
 911       -9.4    .11 g 30 11
 912        8.0    .10 g 30 12
 913       16.1    .10 g 30 13
 914       -3.3    .10 g 30 14
 915        3.6    .11 g 30 15
 916        3.7    .11 g 30 16
 917        1.0    .12 g 30 17
 918      -10.9    .12 g 30 18
 919        4.3    .12 g 30 19
 920       21.2    .13 g 30 20
 921       -5.4    .14 g 30 21
 922        0.7    .12 g 30 22
 923       -5.2    .13 g 30 23
 924      -13.0    .17 g 30 24
 925        5.0    .21 g 30 25
 926      -19.2    .20 g 30 26
 927      -14.3    .25 g 30 27
 928       32.1    .34 g 30 28
 929       28.0    .29 g 30 29
 930       26.9    .19 g 30 30
 931       -1.0    .11 h 30  1
 932      -10.2    .12 h 30  2
 933       -8.8    .11 h 30  3
 934       29.1    .12 h 30  4
 935       -2.4    .12 h 30  5
 936      -10.4    .10 h 30  6
 937        6.7    .09 h 30  7
 938       -4.9    .10 h 30  8
 939       16.9    .12 h 30  9
 940        2.3    .11 h 30 10
 941       -1.6    .10 h 30 11
 942       -3.2    .10 h 30 12
 943      -14.0    .10 h 30 13
 944        8.2    .11 h 30 14
 945        0.5    .10 h 30 15
 946       -9.8    .11 h 30 16
 947       -4.4    .12 h 30 17
 948        6.2    .13 h 30 18
 949       -5.8    .12 h 30 19
 950       -4.7    .14 h 30 20
 951        0.1    .13 h 30 21
 952       10.2    .12 h 30 22
 953       -3.4    .13 h 30 23
 954        9.9    .16 h 30 24
 955       -2.5    .23 h 30 25
 956      -11.7    .23 h 30 26
 957      -10.5    .25 h 30 27
 958      -21.5    .34 h 30 28
 959       14.6    .27 h 30 29
 960       38.3    .17 h 30 30
